$GNRMC,025913.00,A,2248.07965,N,11356.39003,E,0.036,,231120,,,A,V*16
$GNVTG,,T,,M,0.036,N,0.067,K,A*39
$GNGGA,025913.00,2248.07965,N,11356.39003,E,1,12,0.69,112.3,M,-3.0,M,,*55
$GNGSA,A,3,18,20,29,05,15,24,23,,,,,,1.26,0.69,1.05,1*09
$GNGSA,A,3,09,11,04,33,,,,,,,,,1.26,0.69,1.05,3*00
$GNGSA,A,3,13,14,24,28,26,09,16,06,,,,,1.26,0.69,1.05,4*0D
$GPGSV,3,1,12,02,02,148,,05,19,091,27,10,06,301,,12,03,159,31,0*63
$GPGSV,3,2,12,13,22,038,,15,51,015,31,18,60,313,43,20,32,321,42,0*64
$GPGSV,3,3,12,23,29,319,34,24,66,143,21,29,23,215,22,32,01,243,,0*6A
$GAGSV,3,1,09,01,19,131,,04,54,313,44,09,17,263,34,11,43,309,42,0*75
$GAGSV,3,2,09,12,66,205,,19,33,037,,21,14,081,,31,04,179,,0*72
$GAGSV,3,3,09,33,21,161,34,0*4F
$GBGSV,5,1,20,01,46,124,,02,48,238,,03,64,189,,04,32,111,29,0*7C
$GBGSV,5,2,20,05,25,257,28,06,73,329,22,07,10,169,,08,74,130,,0*71
$GBGSV,5,3,20,09,59,256,19,10,05,194,,11,37,206,,12,04,167,,0*70
$GNTXT,01,01,02,u-blox AG - www.u-blox.com*4E
$GNTXT,01,01,02,HW UBX-M8030 00080000*60
$GNTXT,01,01,02,ROM CORE 3.01 (107888)*2B
$GNTXT,01,01,02,FWVER=SPG 3.01*46
$GNTXT,01,01,02,PROTVER=18.00*11
$GNTXT,01,01,02,GPS;GLO;GAL;BDS*77
$GNTXT,01,01,02,SBAS;IMES;QZSS*49
$GNTXT,01,01,02,GNSS OTP=GPS;GLO*37
$GNTXT,01,01,02,LLC=FFFFFFFF-FFFFFFFF-FFFFFFFF-FFFFFFFF-FFFFFFFD*2F
$GNTXT,01,01,02,ANTSUPERV=AC SD PDoS SR*3E
$GNTXT,01,01,02,ANTSTATUS=OK*25
$GNTXT,01,01,02,PF=3FF*4B
$GNRMC,025914.00,A,2248.07964,N,11356.38998,E,0.024,,231120,,,A,V*19
$GNVTG,,T,,M,0.024,N,0.045,K,A*3A
$GNGGA,025914.00,2248.07964,N,11356.38998,E,1,12,0.69,112.4,M,-3.0,M,,*5E
$GNGSA,A,3,18,20,29,05,15,24,23,,,,,,1.26,0.69,1.05,1*09
$GNGSA,A,3,09,11,04,33,,,,,,,,,1.26,0.69,1.05,3*00
$GNGSA,A,3,13,14,24,28,26,09,16,06,,,,,1.26,0.69,1.05,4*0D
$GPGSV,3,1,12,02,02,148,,05,19,091,27,10,06,301,,12,03,159,31,0*63
$GPGSV,3,2,12,13,22,038,,15,51,015,31,18,60,313,44,20,32,321,41,0*60
$GPGSV,3,3,12,23,29,319,34,24,66,143,22,29,23,215,22,32,01,243,,0*69
$GAGSV,3,1,09,01,19,131,,04,54,313,44,09,17,263,34,11,43,309,42,0*75
$GAGSV,3,2,09,12,66,205,,19,33,037,,21,14,081,,31,04,179,,0*72
$GAGSV,3,3,09,33,21,161,35,0*4E
$GBGSV,5,1,20,01,46,124,,02,48,238,,03,64,189,,04,32,111,29,0*7C
$GBGSV,5,2,20,05,25,257,28,06,73,329,22,07,10,169,,08,74,130,,0*71
$GBGSV,5,3,20,09,59,256,19,10,05,194,,11,37,206,,12,04,167,,0*70
$GBGSV,5,4,20,13,80,334,27,14,48,343,45,16,72,313,29,21,14,071,,0*7B
